153 155
158 155
174 158
168 165
149 140
154 154
146 153
146 141
145 154
133 133
161 157
147 136
144 134
155 146
167 151
175 170
151 146
165 153
146 148
171 154
129 123
183 176
184 173
169 166
179 170
132 127
155 142
172 158
144 142
149 144
180 171
160 157
134 132
171 151
162 144
176 168
147 139
163 159
174 157
159 151
174 159
146 142
161 161
154 153
128 125
141 137
134 138
164 146
155 154
176 170
158 156
158 143
124 117
150 143
149 144
152 141
165 157
156 146
176 165
148 145
167 157
185 182
148 145
189 189
154 148
130 119
169 160
135 134
187 173
127 127
154 147
142 137
135 135
163 150
162 154
154 140
142 135
118 108
163 158
166 160
128 129
166 154
155 150
166 154
170 164
147 142
173 172
189 180
161 149
192 176
164 153
146 138
160 162
155 157
159 156
122 123
174 161
130 123
154 141
132 131
